active 0
playing 0
playlist 0
position 114
shuffle 202,22,134,120,41,136,133,113,100,14,45,158,190,124,30,10
shuffle 175,206,54,28,90,35,187,69,87,121,105,96,53,204,18,181
shuffle 195,194,47,164,25,75,3,104,153,64,186,152,24,72,48,39
shuffle 108,99,166,62,196,139,61,160,101,118,51,15,16,66,176,0
shuffle 173,179,7,71,177,156,140,174,73,94,128,116,110,165,92,145
shuffle 70,146,147,85,148,103,12,49,185,115,117,37,168,79,58,8
shuffle 46,50,34,59,60,20,157,4,31,44,40,171,182,43,125,82
shuffle 138,141,63,123,191,57,95,98,142,2,17,119,162,1,189,38
shuffle 151,78,74,132,192,184,201,23,167,143,55,111,193,112,131,76
shuffle 9,183,83,178,27,188,169,127,80,106,122,26,107,198,126,67
shuffle 137,84,56,42,86,161,163,6,93,155,13,77,19,197,150,32
shuffle 180,68,88,170,159,199,130,203,89,11,52,144,29,65,200,154
shuffle 102,36,97,33,114
resume-state 2
resume-time 84395
playlist 1
position -1
shuffle 0
resume-state 1
resume-time 0
